RECIPE RANKINGS BY AVERAGE POWER (Lower is Better)
================================================================================
Rank   Recipe Alias         Avg Power       Min             Max             StDev       
--------------------------------------------------------------------------------
1      share                7511.60         341.51          33218.25        9491.96     
2      src_rws              8156.45         332.46          41497.04        10940.52    
3      src_rw               8245.11         338.70          41553.17        11053.13    
4      compress2rs          8484.27         370.64          46836.65        12100.74    
5      c2rs                 8484.27         370.64          46836.65        12100.74    
6      compress2            8613.66         371.28          46896.90        12180.95    
7      compress             8647.76         334.61          43884.93        11692.05    
8      drwsat2              8687.33         358.29          46881.60        12255.44    
9      resyn2rs             8789.92         366.71          46940.46        12402.12    
10     r2rs                 8789.92         366.71          46940.46        12402.12    
11     rwsat                8859.13         358.31          47047.40        12451.52    
12     choice2              8890.84         376.97          41432.01        11739.50    
13     resyn2               8899.78         361.02          46948.48        12473.32    
14     choice               8915.15         376.96          41592.20        11769.44    
15     src_rs               8948.08         359.42          44408.46        11883.96    
16     resyn                9031.54         330.88          47391.25        12587.68    
17     resyn2a              9060.89         330.89          47473.31        12595.61    
18     resyn3               9276.39         359.32          47768.16        12754.05    
19     addinit              9517.07         359.43          48017.76        12985.38    
20     blif2aig             9517.07         359.43          48017.76        12985.38    
